eta             = 4.81224886391016
t_eta_residual  = 3.2322425103566914
t_eta_paired    = 3.6705545004096787
beta            = 0.8350736252624255
t_beta_residual = 3.1653507159675676
t_beta_paired   = 2.020329812561972