eta             = 2.7888243693811527
t_eta_residual  = 3.2322425103566914
t_eta_paired    = 3.6705545004096787
beta            = 0.5450744771271434
t_beta_residual = 3.1653507159675676
t_beta_paired   = 2.020329812561972