eta             = 2.7888243693811527
t_eta_residual  = 1.7567919038210407
t_eta_paired    = 2.333847823190984
beta            = 0.5450744771271434
t_beta_residual = 1.3387826477887075
t_beta_paired   = 3.884360547033785